std ACTAIR 1528 0.001223 2 0.000000 1.000000
std ACTLUM 1530 0.001223 2 0.000000 1.000000
std ACTMOD 1533 0.001223 2 0.000000 1.000000
std ACTMPD 1535 0.001223 2 0.000000 1.000000
std ACTMPU 1532 0.001223 2 0.000000 1.000000
std ACTNO2 1527 0.001223 2 0.000000 1.000000
std ACTPR 1531 0.001223 2 0.000000 1.000000
std ACTSMP 1529 0.001223 2 0.000000 1.000000
std ADIFR 764 0.001223 3 0.058337 -5.200651 -0.000957
std BDIFR 763 0.001223 3 0.152291 -5.270512 -0.001535
std CARLF1 13 0.001223 2 0.000000 1.000000
std CARLF2 14 0.001223 2 0.000000 1.000000
schgme CHGME 1540 1.000000 0
std COS1 1670 1.000000 2 0.000000 1.000000
std COS2 1671 1.000000 2 0.000000 1.000000
std COS3 1672 1.000000 2 0.000000 1.000000
std COS4 1673 1.000000 2 0.000000 1.000000
std COS5 1674 1.000000 2 0.000000 1.000000
scroll CROLL 1536 1.000000 0 
std DPB 1514 0.001223 3 -0.224545 -5.006862 0.000665
std DPT 1515 0.001223 3 0.065068 -10.258823 0.005226
std DTB 1659 0.001223 3 -3.130006 3.780000 0.118000
std DTT 1657 0.001223 3 -3.313006 3.780000 0.118000
std FCBADS 6519 0.006115 2 0.000000 1.000000
std FLOADS 6500 0.006115 2 0.000000 1.000000
std FZV 6501 0.001223 2 0.000000 1.000000
std FZVR 6502 0.001223 2 0.000000 1.000000
shgm HGM 1513 0.001223 0
shgme HGME 1539 1.000000 CHGME
std IRB 1519 0.001223 3 1498.777100 -246.857361 0.048355
std IRT 1518 0.001223 3 1360.735107 -211.784363 -1.990343
std PCAB 1522 0.001223 3 514.902222 -51.717590 -0.001543
sphdg PHDG 775 1.000000 0
spitch PITCH 774 1.000000 0
std PLWC 766 0.001223 2 50.000000 -5.000011
spsfd PSFD 1537 1.000000 0
spsfd2 PSFD2 1538 1.000000 0
std PSW 1512 0.001223 3 516.758179 -51.782494 0.010984
std QCF 769 0.001223 3 86.252579 -8.610422 -0.000097
std QCR 765 0.001223 3 69.052887 -6.892342 -0.000658
std QCW 768 0.001223 3 68.905457 -6.903432 -0.000788
std RFI 771 0.001223 2 0.000000 -1.000002
std RFIC 772 0.001223 2 0.000000 -1.000001
std RFICP 1534 0.001223 2 0.000000 -1.000001
std RICE 1526 0.001223 2 0.000000 -1.000009
sroll ROLL 776 1.000000 CROLL
std RSTB 1520 0.001223 3 51.618874 -3.571046 -0.179743
std RSTT 1525 0.001223 3 19.389839 -2.378736 0.003300
std SDWC1 1666 1.000000 2 0.000000 1.000000
std SDWP1 1669 1.000000 2 0.000000 1.000000
std SP1A 6520 0.001223 2 0.000000 1.000000
std SP1D 6529 0.001223 2 0.000000 1.000000
std SP2A 6521 0.001223 2 0.000000 1.000000
std SP2D 6530 0.001223 2 0.000000 1.000000
std SP3A 6522 0.001223 2 0.000000 1.000000
std SP3D 6531 0.001223 2 0.000000 1.000000
std SP4A 6523 0.001223 2 0.000000 1.000000
std SP4D 6532 0.001223 2 0.000000 1.000000
std SP5A 6524 0.001223 2 0.000000 1.000000
std SP5D 6533 0.001223 2 0.000000 1.000000
std SP6A 6525 0.001223 2 0.000000 1.000000
std SP6D 6534 0.001223 2 0.000000 1.000000
std SP7D 6535 0.001223 2 0.000000 1.000000
std STB 1660 0.001223 3 -3.130006 3.780000 0.118000
std STT 1658 0.001223 3 -3.313006 3.780000 0.118000
std SWB 1517 0.001223 3 1027.259033 -102.168182 -0.003036
std SWT 1516 0.001223 3 1003.670044 -100.079178 0.014440
std TA2D 6526 0.006115 2 0.000000 1.000000
std TADS 6498 0.006115 2 0.000000 1.000000
std TCBADS 6518 0.006115 2 0.000000 1.000000
std TEO3 1521 0.001223 2 0.000000 -100.000183
std TEP 1664 1.000000 2 0.000000 1.000000
std TET 1665 1.000000 2 0.000000 1.000000
std TLSI 6528 0.006115 2 0.000000 1.000000
std TS2D 6527 0.006115 2 0.000000 1.000000
std TTB 12 0.001223 3 -10.844723 -5.032171 -0.003989
std TTKP 770 0.001223 3 -10.785034 -5.113017 0.000100
std TTRF 762 0.001223 3 -9.854633 -5.001831 0.001222
std TV10 6499 0.006115 2 0.000000 1.000000
std TVXCO 1663 0.001223 2 0.000000 -1.000001
std TWCH1 1668 1.000000 2 0.000000 1.000000
std TWDA1 1667 1.000000 2 0.000000 1.000000
std TWDB1 1675 1.000000 2 0.000000 1.000000
std UVB 1524 0.001223 3 32.962303 -3.286636 -0.000227
std UVT 1523 0.001223 3 58.052017 -5.805592 -0.000738
std V10 6496 0.001223 2 0.000000 1.000000
std V10R 6497 0.001223 2 0.000000 1.000000
std V28D 6515 0.007583 2 0.000000 1.000000
std VDREF 6503 0.001223 2 0.000000 1.000000
std VLA 767 0.001223 2 0.000000 0.000000
std VM15A 6517 0.003669 2 0.000000 1.000000
std VP15A 6516 0.003669 2 0.000000 1.000000
std VP15D 6514 0.003669 2 0.000000 1.000000
svzi VZI 773 1.000000 0
std XFZV 1662 0.001223 2 0.000000 1.000000
std XI28D 6510 0.001223 2 0.000000 1.000000
std XI28U 6507 0.001223 2 0.000000 1.000000
std XI400D 6508 0.001223 2 0.000000 1.000000
std XI400U 6505 0.001223 2 0.000000 1.000000
std XI60D 6509 0.001223 2 0.000000 1.000000
std XI60U 6506 0.001223 2 0.000000 1.000000
std XIDICE 6504 0.001223 2 0.000000 1.000000
std XIEXT 6513 0.001223 2 0.000000 1.000000
std XILGEN 6511 0.001223 2 0.000000 1.000000
std XIRGEN 6512 0.001223 2 0.000000 1.000000
std XV10 1661 0.001223 2 0.000000 1.000000
