THRESHOLDS_30	0, 23, 77, 121, 170, 205, 265, 342, 427, 520,
		627, 731, 842, 950, 1084, 1225, 1374, 1531, 1695, 1866,
		2032, 2220, 2416, 2620, 2830, 3048, 3258, 3461, 3668, 4096

CELL_SIZE_30	0.10, 1.66, 3.23, 4.79, 6.35, 7.92, 9.48, 11.04, 12.61, 14.17,
	15.73, 17.30, 18.86, 20.42, 21.99, 23.55, 25.11, 26.68, 28.24, 29.80,
	31.37, 32.93, 34.49, 36.06, 37.62, 39.18, 40.75, 42.31, 43.87, 47.00

THRESHOLDS_40	32, 73, 108, 145, 172, 189, 204, 266, 338, 411,
	473, 538, 606, 679, 755, 834, 919, 1011, 1108, 1209,
	1313, 1421, 1533, 1648, 1767, 1894, 2026, 2161, 2301, 2445,
	2592, 2744, 2899, 3059, 3222, 3389, 3560, 3735, 3913, 4096

CELL_SIZE_40	0.463, 1.390, 2.316, 3.243, 4.169, 5.096, 6.022, 6.949, 7.875,
	8.802, 9.728, 10.655, 11.581, 12.508, 13.434, 14.361, 15.287,
	16.214, 17.140, 18.067, 18.993, 19.920, 20.846, 21.773, 22.699,
	23.626, 24.552, 25.479, 26.405, 27.332, 28.258, 29.185, 30.111,
	31.038, 31.964, 32.891, 33.817, 34.744, 35.670, 36.597, 37.523

