 Aircraft: N308D, Project: 816, Flight: 
 Date:   Time: 
 Number of data items: 111 Logical record length: 11232

 Name    Start  Rate  Adr Type Conv.Fact.    C0      C1     C2
XO3FS       24  250   101   A   0.001223     0.000000    -1.000000
TTCF1       26  250     1   A   0.001223     0.000000    -1.000000
TTCF2     1024   50   102   A   0.001223     0.000000    -1.000000
QCW       1026   50   10d   A   0.001223    69.115997    -6.911000    -0.001000
TTRF      1028   50     d   A   0.001223    -9.721000    -5.004000     0.001400
QCF       1030   50   111   A   0.001223    86.266998    -8.618000    -0.000400
QCR       1032   50    11   A   0.001223    69.213997    -6.900000    -0.000700
TTB       1034   50   112   A   0.001223   -10.221000    -5.108000    -0.007900
VLA       1036   50    12   A   0.001223     0.000000    -1.000000
ADIFR     1038   50   115   A   0.001223     0.242000    -5.212000    -0.000400
BDIFR     1040   50    15   A   0.001223    -0.006200    -5.299000     0.000100
XO350     1042   50   129   A   0.001223     0.000000    -1.000000
XCVLA     1044   50    29   A   0.001223     0.000000    -1.000000
XCO       2124    5   103   A   0.001223     0.000000    -1.000000
CMODE     2126    5     3   A   0.001223     0.000000    -1.000000
XTWB1     2128    5   104   A   0.001223     0.000000    -1.000000
CVFCN     2130    5   105   A   0.001223     0.048000    -0.194000
CVPCN     2132    5     5   A   0.001223     8.516000  -149.160004    -0.124650
TEO3      2134    5   106   A   0.001223     0.000000   -99.999977
RSTT      2136    5     6   A   0.001223    44.900002    -3.526700    -0.135400
TCAVT     2138    5   107   A   0.001223    42.000000    -1.150000
PCAB      2140    5     7   A   0.001223   515.546021   -51.724998     0.019200
DPT       2142    5   108   A   0.001223    -0.152000    -5.001000     0.000600
DPB       2144    5     8   A   0.001223     0.214000    -5.000700     0.000400
RICE      2146    5   109   A   0.001223     0.000000    -1.000000
XCVDP     2148    5     9   A   0.001223     0.720000   -10.106000    -0.023700
PSW       2150    5   10a   A   0.001223   516.718018   -51.806000     0.007300
LWC       2152    5     a   A   0.001223     0.000000    -1.000000
PLWC      2154    5   10b   A   0.001223    50.000000    -5.000000
HGM       2156    5     b   A   0.001223   394.899994   -39.380001
RSTB      2158    5   10c   A   0.001223    32.717999    -4.723000    -0.127100
TCAVB     2160    5     c   A   0.001223    42.249001    -1.153800    -0.020400
DTT       2162    5   10e   A   0.001223    -3.313000     3.780000     0.118000
STT       2164    5     e   A   0.001223    -3.313000     3.780000     0.118000
IRT       2166    5   10f   A   0.001223  1364.229980  -200.690002    -3.540000
DTB       2168    5     f   A   0.001223    -3.130000     3.780000     0.118000
STB       2170    5   110   A   0.001223    -3.130000     3.780000     0.118000
IRB       2172    5    10   A   0.001223  1602.900024  -268.325012     0.719100
SWT       2174    5   113   A   0.001223  1070.630005  -105.477997    -0.084800
UVT       2176    5    13   A   0.001223    61.900002    -6.180000    -0.000900
UVB       2178    5   114   A   0.001223    32.900002    -3.285000    -0.000400
SWB       2180    5    14   A   0.001223  1171.800049  -117.128998    -0.008800
DREX1     2182    5   121   A   0.001223     0.000000    -1.000000
DREX2     2184    5    21   A   0.001223     0.000000    -1.000000
DREX3     2186    5   122   A   0.001223     0.000000    -1.000000
DREX4     2188    5    22   A   0.001223     0.000000    -1.000000
DREX5     2190    5   123   A   0.001223     0.000000    -1.000000
DREX6     2192    5    23   A   0.001223     0.000000    -1.000000
URIF1     2194    5   124   A   0.001223     0.000000    -1.000000
URIF2     2196    5    24   A   0.001223     0.000000    -1.000000
UHAW1     2198    5   125   A   0.001223     0.000000    -1.000000
UHAW2     2200    5    25   A   0.001223     0.000000    -1.000000
UHAW3     2202    5   126   A   0.001223     0.000000    -1.000000
XCVF1     2204    5    26   A   0.001223     0.314000    -1.968000
XCVF2     2206    5   127   A   0.001223     0.186000    -1.946000
XCVFH     2208    5    27   A   0.001223     0.046000    -0.562000
XCVFX     2210    5   128   A   0.001223     0.100000    -0.100000
XCVTT     2212    5    28   A   0.001223    41.077999    -4.905000     0.001900
XO3FP     2214    5   12a   A   0.001223    -2.606000  -133.539993     0.009400
XO3FF     2216    5    2a   A   0.001223     0.000000   -60.000000
XO3FN     2218    5   12b   A   0.001223     0.000000   -10.000000
XO3FT     2220    5    2b   A   0.001223     0.000000  -100.000000
XO3FV     2222    5   12c   A   0.001223     0.000000 -1000.000000
XCVST     2224    5    2c   A   0.001223   -58.009998   -10.007000     0.009400
XTOW1     2226    5   12d   A   0.001223     0.000000    -1.000000
XTOW2     2228    5    2d   A   0.001223     0.000000    -1.000000
CHGME     2230    5   844   D   1.000000     0.000000     1.000000
HGME      2232    5   444   D   1.000000     0.000000     1.000000
PSFD2     2234    5   245   D   1.000000     0.000000     1.000000
PSFD      2236    5   145   D   1.000000     0.000000     1.000000
CNTS2     2238    5   34e   D   1.000000     0.000000     1.000000
CNTS1     2240    5   24e   D   1.000000     0.000000     1.000000
CVCNT     2242    5   14e   D   1.000000     0.000000     1.000000
UFCNT     2244    5    4e   D   1.000000     0.000000     1.000000
TET       2734    1   54e   D   1.000000    -8.078800     0.004560    -0.000000
TEP       2736    1   44e   D   1.000000    38.778000     0.093390     0.000000
V10       2738    1   280   A   0.001223     0.000000     1.000000     0.000000
V10R      2740    1   180   A   0.001223     0.000000     1.000000     0.000000
TADS      2742    1  2080   A   0.006115     0.000000     1.000000     0.000000
TV10      2744    1   880   A   0.006115     0.000000     1.000000     0.000000
FLOADS    2746    1  1080   A   0.006115     0.000000     1.000000     0.000000
FZV       2748    1  4080   A   0.001223     0.000000     1.000000     0.000000
FZVR      2750    1  8080   A   0.001223     0.000000     1.000000     0.000000
VDREF     2752    1   480   A   0.001223     0.000000     1.000000     0.000000
XV10      2754    1   2a0   A   0.001223     0.000000     1.000000     0.000000
XFZV      2756    1  40a0   A   0.001223     0.000000     1.000000     0.000000
VP15D     2758    1  2481   A   0.003669     0.000000     1.000000     0.000000
V28       2760    1  3481   A   0.007583     0.000000     1.000000     0.000000
VP15A     2762    1   881   A   0.003669     0.000000     1.000000     0.000000
VM15A     2764    1  1881   A   0.003669     0.000000     1.000000     0.000000
TCBADS    2766    1  2881   A   0.006115     0.000000     1.000000     0.000000
CVTEMP    2768    1  3881   A   0.006115     0.000000     1.000000     0.000000
TMP1      2770    1  28a1   A   0.001223     0.000000     1.000000     0.000000
TA2D      2772    1    c5   D   1.000000     0.000000     1.000000     0.000000
TS2D      2774    1   1c5   D   1.000000     0.000000     1.000000     0.000000
TLSI      2776    1   2c5   D   1.000000     0.000000     1.000000     0.000000
DOUT_1    2778    1    74   D   1.000000     0.000000     1.000000     0.000000
DOUT_2    2780    1    75   D   1.000000     0.000000     1.000000     0.000000
DUMMY     2782    1     0   D   0.000000     0.000000     0.000000     0.000000


  Block name  Start byte     Length (bytes)
    FSSPIBL     2784 		  440
    260XIBR     3224 		 1400
    IRSPITL     4624 		 3248
    IRSPITR     7872 		 3248
    GPS        11120 		   68
    EVTCKP     11188 		    4
    EVTFWD     11192 		    4
    EVTCTL     11196 		    4
    EVTOBL     11200 		    4
    EVTOBR     11204 		    4
    OPHIR3     11208 		   24


  Async blocks
